best[0]=5.971628042816606E-8
best[1]=1.3442917273491764E-7
best[2]=-2.0596217566966237E-7
best[3]=-3.734231308669536E-7
best[4]=2.6261921743227487E-7
